2   1 000 000001 000021 741220 2039                  2202248                   227        633        172        540        412         92        496     158285        230         20         32   28246474        124        134 0000 00         62          0          0          0 036
2   2 001 000006 000214 741220 2039                  1774492                  1018       2411        663       6782        672       6280        242     107839      53841          9         31   10756806       2230        331 0001 00        328          0          0          0 036
2   4 003 011016 126265 741220 2039                  2035616                   204        996         84      30573        889       1356      75132      65533       7281        575         69    7830415       3135        222 1116 07         20          0          0          0 036
3   3 001 000006 000214 741220 2045                                                                                                                                                                                               0001 00                                             036
1   3 001 000006 000214 741220 2045                     9154                    10         26          8         43          3          0         34          4          1          3          0      27971         14          1 0001 00          3          0          0          0 036
3   3 000 012714 124744 741220 2045                                                                                                                                                                                               0002 73                                             036
3   5 000 012714 125027 741220 2045                                                                                                                                                                                               0017 73                                             036
3   6 000 012714 125221 741220 2045                                                                                                                                                                                               0006 72                                             036
3   7 000 012714 124747 741220 2045                                                                                                                                                                                               0002 72                                             036
3   8 000 012714 125030 741220 2046                                                                                                                                                                                               0017 72                                             036
3   9 000 012714 125222 741220 2046                                                                                                                                                                                               0006 71                                             036
3  10 000 012714 124750 741220 2046                                                                                                                                                                                               0002 71                                             036
3  11 000 012714 125040 741220 2046                                                                                                                                                                                               0017 71                                             036
3  12 000 012714 125223 741220 2046                                                                                                                                                                                               0006 70                                             036
3  13 000 012714 124751 741220 2046                                                                                                                                                                                               0002 70                                             036
3  14 000 012714 125041 741220 2046                                                                                                                                                                                               0017 70                                             036
3  15 000 012714 125224 741220 2046                                                                                                                                                                                               0006 67                                             036
3  16 000 012714 124752 741220 2046                                                                                                                                                                                               0002 67                                             036
3  17 000 012714 125042 741220 2046                                                                                                                                                                                               0017 67                                             036
3  18 000 012714 125225 741220 2046                                                                                                                                                                                               0006 66                                             036
3  19 000 012714 124753 741220 2046                                                                                                                                                                                               0002 65                                             036
3  20 000 012714 125043 741220 2046                                                                                                                                                                                               0017 66                                             036
3  21 000 012714 125226 741220 2046                                                                                                                                                                                               0006 65                                             036
3  22 000 012714 124754 741220 2046                                                                                                                                                                                               0002 64                                             036
3  23 000 012714 125044 741220 2046                                                                                                                                                                                               0017 64                                             036
3  24 000 012714 125232 741220 2046                                                                                                                                                                                               0006 64                                             036
3  25 000 012714 124755 741220 2047                                                                                                                                                                                               0002 63                                             036
3  26 000 012714 125045 741220 2047                                                                                                                                                                                               0017 63                                             036
3  27 000 012714 125234 741220 2047                                                                                                                                                                                               0006 63                                             036
3  28 000 012714 124756 741220 2047                                                                                                                                                                                               0002 62                                             036
3  29 000 012714 125046 741220 2047                                                                                                                                                                                               0017 62                                             036
3  30 000 012714 125235 741220 2047                                                                                                                                                                                               0006 62                                             036
3  31 000 012714 124757 741220 2047                                                                                                                                                                                               0002 61                                             036
3  32 000 012714 125047 741220 2047                                                                                                                                                                                               0017 61                                             036
3  33 000 012714 125236 741220 2047                                                                                                                                                                                               0006 61                                             036
3  34 000 012714 124763 741220 2047                                                                                                                                                                                               0002 60                                             036
3  35 000 012714 125136 741220 2047                                                                                                                                                                                               0017 60                                             036
3  36 000 012714 125237 741220 2047                                                                                                                                                                                               0006 60                                             036
3  37 000 012714 124765 741220 2047                                                                                                                                                                                               0002 57                                             036
3  38 000 012714 125137 741220 2047                                                                                                                                                                                               0017 57                                             036
3  39 000 012714 125240 741220 2047                                                                                                                                                                                               0006 57                                             036
3  40 000 012714 124766 741220 2047                                                                                                                                                                                               0002 56                                             036
3  41 000 012714 125140 741220 2047                                                                                                                                                                                               0017 56                                             036
3  42 000 012714 125465 741220 2047                                                                                                                                                                                               0006 56                                             036
3  43 000 012714 124767 741220 2048                                                                                                                                                                                               0002 55                                             036
3  44 000 012714 125145 741220 2048                                                                                                                                                                                               0017 54                                             036
3  45 000 012714 125306 741220 2048                                                                                                                                                                                               0006 55                                             036
3  46 000 012714 124770 741220 2048                                                                                                                                                                                               0002 54                                             036
3  47 000 012714 125146 741220 2048                                                                                                                                                                                               0017 53                                             036
3  48 000 012714 125307 741220 2048                                                                                                                                                                                               0006 54                                             036
1  19 000 012714 124753 741220 2051                    11469          0         12         23         10         13          3         48        150        509        267          3          0      24861          5          1 0002 65          4          0          0          0 036
1  32 000 012714 125047 741220 2055                   409060        260         38        210        198       3297       2005         30        234       3025        487          3         20    2947836        485        287 0017 61         31          0          0          0 036
1  23 000 012714 125044 741220 2055                   411376        260         38        210        200       3297       2005         30        216       3102        519          3         20    2964862        485        287 0017 64         32          0          0          0 036
1  46 000 012714 124770 741220 2056                   410290        260         41        213        198       3298       2005         30        218       3053        477          3         20    2957759        486        287 0002 54         31          0          0          0 036
1  48 000 012714 125307 741220 2056                   411277        260         41        213        198       3298       2005         30        217       3174        493          3         20    2965480        486        287 0006 54         31          0          0          0 036
1  45 000 012714 125306 741220 2057                   410825        260         38        210        198       3297       2005         32        226       3301        574          3         20    2965319        485        287 0006 55         31          0          0          0 036
1  47 000 012714 125146 741220 2057                   410348        260         41        213        198       3298       2005         30        228       3277        575          3         20    2951805        486        287 0017 53         31          0          0          0 036
1  27 000 012714 125234 741220 2057                   677806        260         76        471        453       2345       1739         30        361       4039        647          3         38    5537689        349        249 0006 63         68          0          0          0 036
1  30 000 012714 125235 741220 2057                   676485        260         76        471        453       2345       1739         30        361       4038        641          3         38    5521534        349        249 0006 62         68          0          0          0 036
1  29 000 012714 125046 741220 2057                   680163        260         76        471        455       2345       1739         30        377       4087        648          3         38    5551620        349        249 0017 62         69          0          0          0 036
1  43 000 012714 124767 741220 2058                   679041        260         76        471        453       2345       1742         30        361       3957        600          3         38    5552997        349        250 0002 55         68          0          0          0 036
1  33 000 012714 125236 741220 2058                   677840        260         76        471        453       2345       1739         30        361       4082        636          3         38    5537185        349        249 0006 61         68          0          0          0 036
1  24 000 012714 125232 741220 2103                   370924        260         12         44         10        203          3         37        412      20237       1018          3         51    2383767         43          1 0006 64          4          0          0          0 036
1  26 000 012714 125045 741220 2103                   372176        260         12         44         14        203          3         37        412      20580       1014          3         51    2375311         43          1 0017 63          6          0          0          0 036
1  22 000 012714 124754 741220 2103                   370140        260         12         44         12        203          3         37        411      20298       1031          3         51    2370601         43          1 0002 64          5          0     0          0 036
1  31 000 012714 124757 741220 2104                   371889        260         12         44         10        203          3         35        412      21700       1055          3         51    2375202         43          1 0002 61          4          0          0          0 036
1  21 000 012714 125226 741220 2104                   373641        260         12         44         14        203          3         37        411      21641       1090          3         51    2373345         43          1 0006 65          6          0          0          0 036
1  25 000 012714 124755 741220 2105                   372662        260         12         44         10        203          6         37        412      21669       1083          3         51    2381264         43          2 0002 63          4          0          0          0 036
1  28 000 012714 124756 741220 2105                   371804        260         12         44         10        206          3         37        412      21645       1074          3         51    2373403         44          1 0002 62          4          0          0          0 036
1   6 000 012714 125221 741220 2106                   526692        280         12         44       1418        203       4422         39        227      24148       1234          3         36    1610220         43        194 0006 72         68          0          0          0 036
1   5 000 012714 125027 741220 2106                   525652        280         12         44       1418        203       4419         39        211      25296       1243          3         35    1591146         43        193 0017 73         68          0          0          0 036
1   9 000 012714 125222 741220 2106                   527454        280         12         44       1420        203       4419         39        211      24256       1233          3         36    1607641         43        193 0006 71         69          0          0          0 036
1  11 000 012714 125040 741220 2107                   528047        280         12         44       1418        203       4419         39        211      26124       1305          3         36    1598697         43        193 0017 71         68          0          0          0 036
1   8 000 012714 125030 741220 2108                   530731        280         12         44       1418        203       4419         39        211      27409       1376          3         36    1605474         43        193 0017 72         68          0          0          0 036
1  15 000 012714 125224 741220 2108                   531354        280         12         44       1418        203       4419         39        210      27500       1353          3         36    1607884         43        193 0006 67         68          0          0          0 036
1  12 000 012714 125223 741220 2109                   530408        280         12         44       1418        203       4419         39        211      27743       1376          3         36    1597581         43        193 0006 70         68          0          0          0 036
1  20 000 012714 125043 741220 2110                   468406        280         12         51       2098        203       2109         49        127      39681       1450          3         16     581022         43         73 0017 66         76          0          0          0 036
1  38 000 012714 125137 741220 2111                   473940        280         12         51       2098        203       2109         49        127      39690       1399          3         17     614684         43         73 0017 57         76          0          0          0 036
1  18 000 012714 125225 741220 2111                   530380        280         12         44       1418        203       4419         39        210      30514       1476          3         35    1568791         43        193 0006 66         68          0          0          0 036
1  39 000 012714 125240 741220 2111                   472642        280         12         51       2098        203       2109         51        127      39282       1408          3         17     608812         43         73 0006 57         76          0          0          0 036
1  42 000 012714 125465 741220 2112                   464801        280         12         51       2098        203       2109         49        137      39010       1494          3         15     565534         43         73 0006 56         76          0          0          0 036
1  35 000 012714 125136 741220 2112                   469191        280         12         51       2098        203       2109         51        127      42461       1524          3         15     559333         43         73 0017 60         76          0          0          0 036
1  41 000 012714 125140 741220 2113                   466228        280         12         51       2098        203       2109         51        127      42291       1505          3         15     543363         43         73 0017 56         76          0          0          0 036
1  44 000 012714 125145 741220 2113                   465333        280         12         51       2098        203       2109         51        137      39431       1496          3         15     563622         43         73 0017 54         76          0          0          0 036
1  36 000 012714 125237 741220 2114                   146796        260         12         35         10         14          3         54         84      12519       1602          3         10    1351470          6          1 0006 60          4          0          0          0 036
1  34 000 012714 124763 741220 2114                   147128        260         12         35         12         14          3         54         84      12540       1610          3         10    1340265          6          1 0002 60          5          0          0          0 036
1  37 000 012714 124765 741220 2114                   150863        260         12         35         14         14          3         54         83      12482       1602          3         11    1370391          6          1 0002 57          6          0          0          0 036
1  17 000 012714 125042 741220 2114                   149102        260         12         35         12         14          3         54         84      12739       1670          3         10    1362359          6          1 0017 67          5          0          0          0 036
1  40 000 012714 124766 741220 2114                   149301        260         12         35         10         14          3         54         83      12479       1593          3         11    1371006          6          1 0002 56          4          0          0          0 036
1  14 000 012714 125041 741220 2114                   148868        260         12         35         10         14          3         54         84      12807       1692          3         11    1361301          6          1 0017 70          4          0          0          0 036
2   1 000 000001 000021 741220 2114                  2223621                   229        641        180        544        420         92        496     166681        230         20         32   28320842        125        136 0000 00         64          0          0          0 036
2   2 001 000006 000214 741220 2114                  1812518                  1051       2490        683       7001        692       6280        242     112047      55940          9         31   10851310       2301        341 0001 00        338          0          0          0 036
2   3 000 012714 124744 741220 2114                  1357515                     8         16          6        199          3         47        139      17595       1737          3        147   13416954         41          1 0002 73          2          0          0          0 036
2   4 003 011016 126265 741220 2114                  3403209                   284       1550        229      48610       2552       4269     113545      84953       9380        664        146   14310543       4744        340 1116 07         38          0          0          0 036
2   7 000 012714 124747 741220 2114                  1317874                     8         16          6        199          3         47        133      17556       1724          3        143   13014715         41          1 0002 72          2          0          0          0 036
2  10 000 012714 124750 741220 2114                  1189995                     8         16          6        199          3         47        133      17529       1715          3        128   11718236         41          1 0002 71          2          0          0          0 036
2  13 000 012714 124751 741220 2114                  1222009                     8         16          6        199          3         47        133      17502       1706          3        132   12042470         41          1 0002 70          2          0          0          0 036
2  16 000 012714 124752 741220 2114                  1185008                     8         16          6        199          3         47        126      17476       1692          3        128   11666546         41          1 0002 67          2          0          0          0 036
1   3 000 012714 124744 741220 2115                  1478702        260         12         33         10        203          3         47        175      18046       1778          3        160   14607556         43          1 0002 73          4          0          0          0 036
1   7 000 012714 124747 741220 2115                  1478804        260         12         33         10        203          3         47        175      18128       1776          3        160   14607195         43          1 0002 72          4          0          0          0 036
1  10 000 012714 124750 741220 2115                  1479170        260         12         33         10        203          3         47        175      18356       1791          3        160   14607593         43          1 0002 71          4          0          0          0 036
1  13 000 012714 124751 741220 2115                  1479567        260         12         33         10        203          3         47        175      18349       1783          3        160   14608567         43          1 0002 70          4          0          0          0 036
1  16 000 012714 124752 741220 2115                  1479518        260         12         33         10        203          3         47        174      18334       1770          3        160   14608250         43          1 0002 67          4          0          0          0 036
   F7