 1   3          1          6        214     741220       1958
                     10487          0         10         26          8
                        76          3          0         34          3
                         1          3          0      33722         25
                         1          1          0          3          0
                         0
 1  19          0      12714     124753     741220       2003
                     12224          0         12         23         10
                        27          3         51        149        494
                       266          3          0      28095         12
                         1          2         53          4          0
                         0
 1  24          0      12714     125044     741220       2008
                    411567        260         38        210        198
                      3346       2005         30        218       3405
                       557          3         20    2961718        492
                       287         15         53         31          0
                         0
 1  47          0      12714     125307     741220       2008
                    409934        260         41        213        198
                      3298       2005         30        218       3109
                       475          3         20    2950442        486
                       287          6         43         31          0
                         0
 1  33          0      12714     125047     741220       2009
                    411270        260         38        210        198
                      3346       2005         30        234       3370
                       532          3         20    2955495        492
                       287         15         50         31          0
                         0
 1  48          0      12714     125146     741220       2009
                    410560        260         41        213        198
                      3298       2005         30        218       3235
                       494          3         20    2957711        486
                       287         15         43         31          0
                         0
 1  29          0      12714     125235     741220       2010
                    680804        260         76        471        453
                      2394       1739         30        360       4049
                       633          3         38    5561187        356
                       249          6         49         68          0
                         0
 1  32          0      12714     125236     741220       2010
                    677579        260         76        471        453
                      2345       1739         30        360       4018
                       629          3         38    5534569        349
                       249          6         48         68          0
                         0
 1  26          0      12714     125234     741220       2010
                    678827        260         76        471        453
                      2345       1739         30        360       4129
                       654          3         38    5546765        349
                       249          6         50         68          0
                         0
 1  44          0      12714     125306     741220       2010
                    411143        260         38        210        198
                      3297       2005         32        228       3475
                       594          3         20    2965994        485
                       287          6         44         31          0
                         0
 1  46          0      12714     124770     741220       2010
                    414916        260         41        213        204
                      3298       2005         30        228       3396
                       589          3         20    2970517        486
                       287          2         44         34          0
                         0
 1  30          0      12714     125046     741220       2010
                    681625        260         76        471        457
                      2345       1739         30        376       4079
                       644          3         38    5554293        349
                       249         15         51         70          0
                         0
 1  43          0      12714     124767     741220       2011
                    677307        260         76        471        453
                      2394       1739         30        370       3972
                       666          3         38    5520979        356
                       249          2         45         68          0
                         0
 1  25          0      12714     124755     741220       2015
                    369939        260         12         44         10
                       364          3         35        412      19137
                       960          3         51    2375290         50
                         1          2         51          4          0
                         0
 1  28          0      12714     124756     741220       2015
                    371815        260         12         44         10
                       367          3         35        412      19543
                       955          3         51    2383233         51
                         1          2         50          4          0
                         0
 1  23          0      12714     125232     741220       2017
                    374437        260         12         44         10
                       364          3         39        412      21238
                      1074          3         51    2385521         50
                         1          6         51          4          0
                         0
 1  27          0      12714     125045     741220       2017
                    371341        260         12         44         10
                       203          3         39        412      21296
                      1066          3         51    2375634         43
                         1         15         52          4          0
                         0
 1  22          0      12714     124754     741220       2017
                    369238        260         12         44         10
                       203          3         39        422      19827
                      1096          3         51    2375983         43
                         1          2         52          4          0
                         0
 1  31          0      12714     124757     741220       2017
                    376796        260         12         44         12
                       364          3         35        412      22126
                      1067          3         51    2386973         50
                         1          2         49          5          0
                         0
 1   6          0      12714     125027     741220       2018
                    531817        280         12         44       1418
                       364       4419         39        211      22845
                      1165          3         37    1647843         50
                       193         15         59         68          0
                         0
 1  20          0      12714     125226     741220       2018
                    374807        260         12         44         10
                       364          3         39        421      21075
                      1161          3         52    2388734         50
                         1          6         52          4          0
                         0
 1  17          0      12714     125225     741220       2021
                    532746        280         12         44       1418
                       364       4422         41        211      27516
                      1348          3         36    1603123         50
                       194          6         53         68          0
                         0
 1  12          0      12714     125040     741220       2021
                    531331        280         12         44       1420
                       203       4419         41        211      27605
                      1370          3         36    1599944         43
                       193         15         57         69          0
                         0
 1   5          0      12714     125221     741220       2024
                    535242        280         12         44       1418
                       203       4419         41        227      30850
                      1529          3         36    1598068         43
                       193          6         58         68          0
                         0
 1   8          0      12714     125222     741220       2024
                    535845        280         12         44       1418
                       203       4419         39        211      31319
                      1530          3         36    1598806         43
                       193          6         56         68          0
                         0
 1   9          0      12714     125030     741220       2024
                    538034        280         12         44       1418
                       203       4419         41        211      31179
                      1531          3         36    1615181         43
                       193         15         58         68          0
                         0
 1  42          0      12714     125140     741220       2024
                    474773        280         12         51       2098
                       203       2109         49        127      40223
                      1431          3         17     615241         43
                        73         15         46         76          0
                         0
 1  36          0      12714     125136     741220       2024
                    477053        280         12         51       2098
                       203       2109         49        126      40370
                      1457          3         17     626367         43
                        73         15         49         76          0
                         0
 1  11          0      12714     125223     741220       2024
                    544699        280         12         44       1418
                       203       4419         41        211      31569
                      1543          3         37    1658180         43
                       193          6         55         68          0
                         0
 1  14          0      12714     125224     741220       2024
                    542567        280         12         44       1418
                       203       4419         39        211      32084
                      1545          3         37    1639204         43
                       193          6         54         68          0
                         0
 1  41          0      12714     125465     741220       2026
                    483491        280         12         51       2098
                       203       2109         51        127      43044
                      1524          3         18     643083         43
                        73          6         45         76          0
                         0
 1  38          0      12714     125240     741220       2026
                    473686        280         12         51       2098
                       203       2109         51        127      43194
                      1542          3         16     580923         43
                        73          6         46         76          0
                         0
 1  21          0      12714     125043     741220       2026
                    466336        280         12         51       2100
                       203       2109         51        127      43221
                      1602          3         14     529055         43
                        73         15         54         77          0
                         0
 1  45          0      12714     125145     741220       2026
                    468678        280         12         51       2098
                       203       2109         51        137      41221
                      1557          3         15     568775         43
                        73         15         44         76          0
                         0
 1  39          0      12714     125137     741220       2027
                    466515        280         12         51       2098
                       203       2109         53        125      44749
                      1593          3         14     521698         43
                        73         15         47         76          0
                         0
 1  34          0      12714     124763     741220       2027
                    153481        260         12         35         10
                        14          3         54         84      12947
                      1638          3         11    1411352          6
                         1          2         48          4          0
                         0
 1  37          0      12714     124765     741220       2028
                    148777        260         12         35         10
                        14          3         56         84      13040
                      1656          3         11    1359521          6
                         1          2         47          4          0
                         0
 1  35          0      12714     125237     741220       2028
                    154230        260         12         35         10
                        14          6         56         84      13081
                      1665          3         11    1412874          6
                         2          6         47          4          0
                         0
 1  18          0      12714     125042     741220       2028
                    153285        260         12         35         12
                        14          3         56         84      13199
                      1724          3         11    1396976          6
                         1         15         55          5          0
                         0
 1  15          0      12714     125041     741220       2028
                    152455        260         12         35         10
                        14          3         56         84      13475
                      1749          3         11    1392442          6
                         1         15         56          4          0
                         0
 1  40          0      12714     124766     741220       2028
                    151846        260         12         35         10
                        14          3         54         94      12934
                      1700          3         11    1400587          6
                         1          2         46          4          0
                         0
 1   3          0      12714     124744     741220       2029
                   1481272        260         12         33         10
                       203          3         49        175      19367
                      1877          3        160   14611270         43
                         1          2         59          4          0
                         0
 1  10          0      12714     124750     741220       2029
                   1480560        260         12         33         10
                       203          3         47        175      19294
                      1863          3        160   14607307         43
                         1          2         57          4          0
                         0
 1   7          0      12714     124747     741220       2030
                   1481464        260         12         33         10
                       203          3         47        175      19461
                      1879          3        160   14612382         43
                         1          2         58          4          0
                         0
 1  13          0      12714     124751     741220       2030
                   1481157        260         12         33         10
                       203          3         47        174      19409
                      1859          3        160   14608702         43
                         1          2         56          4          0
                         0
 1  16          0      12714     124752     741220       2030
                   1482008        260         12         33         12
                       203          3         47        175      19301
                      1848          3        160   14609247         43
                         1          2         55          5          0
                         0
 