 1   3          1          6        214     741212       1607
                     13698        220         13         33         13
                        53          6          0         81          7
                         2          3          0      38586         17
                         2          1          0          5          0
                         0
 1  39          0      12714     125306     741212       1607
                     79289        305         38        210        198
                       245          3         28        218        204
                        59          3          3     172446         49
                         1          9         46         31          0
                         0
 1  40          0      12714     124770     741212       1607
                     81973        255         41        213        198
                       246          3         30        217        311
                        82          3          4     196548         50
                         1          6         48         31          0
                         0
 1  29          0      12714     125047     741212       1607
                     14051        270         12         23         10
                        25          3         71        159       1465
                       585          3          0      31640         11
                         1          9         50          4          0
                         0
 1  41          0      12714     125145     741212       1607
                     12861        330         12         23         10
                        25          3         64        159        740
                       343          3          0      30859         11
                         1          9         46          4          0
                         0
 1  20          0      12714     125044     741212       1607
                     14836        265         12         23         12
                        13          3         55        162       1871
                       719          3          0      28194          5
                         1          9         53          5          0
                         0
 1  39          0      12714     125146     741212       1608
                     12978        315         15         26         10
                        14          3         36        143        629
                       306          3          0      37550          6
                         1          9         45          4          0
                         0
 1  24          0      12714     125235     741212       1608
                    679512        300         76        471        453
                      2345       1739         28        361       3639
                       698          3        147    5564741        349
                       249          9         52         68          0
                         0
 1  21          0      12714     125234     741212       1608
                    681871        300         76        471        453
                      2387       1739         30        361       3768
                       748          3        147    5582134        355
                       249          9         53         68          0
                         0
 1  27          0      12714     125236     741212       1608
                    681061        300         76        471        453
                      2387       1739         30        361       3565
                       671          3        147    5573707        355
                       249          9         50         68          0
                         0
 1  26          0      12714     125046     741212       1608
                    681391        260         76        471        453
                      2387       1739         30        361       3512
                       741          3        147    5580533        355
                       249          9         51         68          0
                         0
 1  37          0      12714     124767     741212       1608
                    678745        250         76        471        453
                      2387       1739         32        371       2891
                       544          3        147    5556187        355
                       249          6         49         68          0
                         0
 1  14          0      12714     125042     741212       1608
                     71560        260         12         32         10
                        80          3         40         84       4628
                      1186          3         12     730985         12
                         1          9         55          4          0
                         0
 1  18          0      12714     125232     741212       1608
                    367906        300         12         44         10
                       341          3         31        411      17594
                      1164          3        197    2379314         49
                         1          9         54          4          0
                         0
 1  15          0      12714     125226     741212       1608
                    370355        300         12         44         14
                       341          3         33        411      17908
                      1230          3        197    2379606         49
                         1          9         55          6          0
                         0
 1  23          0      12714     125045     741212       1608
                    365802        260         12         44         16
                       203          3         33        412      15637
                      1101          3        197    2377010         43
                         1          9         52          7          0
                         0
 1  16          0      12714     124753     741212       1608
                    368547        300         12         44         10
                       341          6         31        412      17972
                      1239          3        197    2378913         49
                         2          6         56          4          0
                         0
 1  30          0      12714     125237     741212       1608
                     79179        300         12         32         10
                        14          3         42         84       4506
                      1047          3         13     847789          6
                         1          9         49          4          0
                         0
 1  25          0      12714     124757     741212       1608
                    372201        300         12         44         16
                       341          3         33        411      18395
                      1139          3        197    2382013         49
                         1          6         53          7          0
                         0
 1  34          0      12714     124766     741212       1608
                     81997        250         12         32         18
                        14          3         44         84       4206
                       987          3         13     843024          6
                         1          6         50          8          0
                         0
 1  28          0      12714     124763     741212       1608
                     94316        250         12         32         36
                        14          3         44         84       4668
                      1114          3         14     873478          6
                         1          6         52         17          0
                         0
 1  19          0      12714     124754     741212       1608
                    388842        300         12         44         50
                       341          3         33        411      18505
                      1250          3        197    2381215         49
                         1          6         55         24          0
                         0
 1  22          0      12714     124755     741212       1608
                    374127        300         12         44         30
                       203          3         33        422      16605
                      1223          3        197    2376822         43
                         1          6         54         14          0
                         0
 1  31          0      12714     124765     741212       1608
                     98550        260         12         32         48
                        14          3         44         84       4542
                      1087          3         13     861671          6
                         1          6         51         23          0
                         0
 1   4          0      12714     124744     741212       1608
                   1472891        460         12         33         10
                       205          3         39        175      15414
                      1944          3        611   14587900         44
                         1          6         60          4          0
                         0
 1  13          0      12714     124752     741212       1608
                   1472738        250         12         33         10
                       203          3         41        175      15397
                      1797          3        611   14586861         43
                         1          6         57          4          0
                         0
 1   7          0      12714     124747     741212       1608
                   1447780        300         12         33         10
                       203          3         39        175      16001
                      1959          3        600   14325219         43
                         1          6         59          4          0
                         0
 1  10          0      12714     124751     741212       1608
                   1473472        300         12         33         10
                       203          3         41        175      15881
                      1894          3        611   14587005         43
                         1          6         58          4          0
                         0
 1  12          0      12714     125225     741212       1608
                    541099        320         12         44       1426
                       203       4419         43        210      31788
                      1857          3        138    1603612         43
                       193          9         56         72          0
                         0
 1   6          0      12714     125223     741212       1608
                    537394        320         12         44       1418
                       203       4419         39        211      32289
                      2005          3        137    1600375         43
                       193          9         60         68          0
                         0
 1   9          0      12714     125224     741212       1608
                    546348        320         12         44       1418
                       203       4419         41        211      32889
                      1959          3        142    1658510         43
                       193          9         58         68          0
                         0
 1   3          0      12714     125222     741212       1608
                    546099        330         12         44       1418
                       203       4419         37        210      34841
                      2166          3        140    1635391         43
                       193          9         63         68          0
                         0
 1   5          0      12714     125027     741212       1608
                    543246        270         12         44       1418
                       203       4419         41        211      33702
                      2162          3        140    1627313         43
                       193          9         58         68          0
                         0
 1   8          0      12714     125030     741212       1608
                    543883        280         12         44       1418
                       203       4419         39        211      33741
                      2135          3        140    1631387         43
                       193          9         57         68          0
                         0
 1  33          0      12714     125240     741212       1608
                    475507        320         12         51       2104
                       203       2109         51        127      45007
                      1667          3         59     558196         43
                        73          9         48         79          0
                         0
 1  35          0      12714     125137     741212       1608
                    473938        280         12         51       2098
                       203       2112         49        127      41774
                      1636          3         63     596064         43
                        74          9         48         76          0
                         0
 1  32          0      12714     125136     741212       1608
                    468032        280         12         51       2098
                       203       2109         51        127      42051
                      1699          3         59     556113         43
                        73          9         49         76          0
                         0
 1  36          0      12714     125465     741212       1608
                    473484        270         12         51       2098
                       203       2109         51        136      41090
                      1622          3         63     599793         43
                        73          9         47         76          0
                         0
 1  11          0      12714     125040     741212       1608
                    541376        280         12         44       1418
                       203       4419         39        210      34118
                      2073          3        138    1609482         43
                       193          9         56         68          0
                         0
 1  17          0      12714     125043     741212       1608
                    488902        280         12         51       2098
                       203       2109         49        127      42650
                      1959          3         73     679230         43
                        73          9         54         76          0
                         0
 1  38          0      12714     125140     741212       1608
                    487467        330         12         51       2098
                       203       2109         47        127      41653
                      1588          3         73     680513         43
                        73          9         47         76          0
                         0
 